FSC-A	FSC-H	FSC-W	SSC-A	SSC-H	SSC-W	CD34	CD38	7-AAD	Column	Row	Time	Well
369	232	407	251	157	408	253	252	253	1	A	3.2067	A1
334	235	364	206	137	384	256	275	229	2	A	3.47816	A2
431	250	443	374	210	457	257	518	379	3	A	3.75866	A3
351	208	432	307	167	471	250	622	427	4	A	4.0854	A4
455	259	449	313	165	486	350	626	438	5	A	4.425269999999999	A5
396	244	415	278	161	442	408	542	379	6	A	4.80123	A6
448	247	465	231	137	430	367	654	466	7	A	5.28987	A7
458	271	433	247	146	434	357	590	388	8	A	5.71364	A8
477	262	466	259	132	500	341	577	404	9	A	6.08566	A9
379	254	383	161	118	349	365	251	262	10	A	6.3354099999999995	A10
371	234	406	282	155	465	383	280	353	11	A	6.62408	A11
420	232	464	310	160	497	338	267	272	12	A	6.89935	A12
336	233	369	172	108	408	319	247	217	13	A	7.2266699999999995	A13
507	267	487	357	183	500	372	252	267	14	A	7.49545	A14
371	220	432	343	194	451	320	256	330	14	B	7.868460000000001	B14
380	251	388	238	134	455	317	251	272	13	B	8.197460000000001	B13
400	241	425	313	180	445	301	251	327	12	B	8.463	B12
448	257	447	322	189	437	307	254	264	11	B	8.72798	B11
389	257	388	257	148	443	295	278	283	10	B	8.99987	B10
413	250	422	284	162	448	312	560	383	9	B	9.38895	B9
422	257	420	229	138	424	462	565	363	8	B	9.723460000000001	B8
372	248	384	178	112	407	447	606	418	7	B	10.0338	B7
415	237	448	232	150	396	308	603	396	6	B	10.3321	B6
411	231	455	303	170	457	362	606	431	5	B	10.712	B5
351	248	362	130	87	383	233	418	319	4	B	10.9659	B4
360	252	366	145	100	372	241	421	303	3	B	11.2363	B3
394	242	417	226	123	473	238	262	245	2	B	11.4996	B2
332	233	365	180	114	403	255	325	260	1	B	11.8279	B1
470	261	462	307	169	466	260	361	337	1	C	12.0928	C1
358	247	370	151	98	394	254	459	343	2	C	12.3613	C2
352	233	386	179	115	398	244	382	310	3	C	12.6306	C3
364	236	394	240	145	423	238	527	368	4	C	12.956	C4
370	229	414	198	122	415	373	573	427	5	C	13.2451	C5
452	250	463	273	160	437	318	631	466	6	C	13.5162	C6
434	260	427	201	116	442	468	631	451	7	C	13.8454	C7
339	225	386	120	78	397	321	577	419	8	C	14.2783	C8
445	228	499	230	126	466	477	661	470	9	C	14.6764	C9
446	259	441	357	182	503	310	254	341	10	C	14.9692	C10
397	218	466	304	169	459	295	238	313	11	C	15.2745	C11
330	210	402	223	132	433	336	278	297	12	C	15.6366	C12
359	238	386	187	110	436	305	255	232	13	C	15.8982	C13
397	223	456	340	188	463	309	255	241	14	C	16.1986	C14
372	232	410	220	129	438	299	271	248	14	D	16.4959	D14
367	218	431	305	170	460	304	257	280	13	D	16.8146	D13
482	270	457	341	185	472	417	252	301	12	D	17.078	D12
415	244	435	336	186	461	293	265	279	11	D	17.3711	D11
431	241	458	294	159	475	292	260	294	10	D	17.631	D10
390	249	402	160	103	398	311	596	368	9	D	17.8737	D9
373	247	386	154	96	413	323	569	390	8	D	18.1602	D8
473	256	473	330	177	477	336	584	380	7	D	18.4447	D7
430	239	461	274	144	486	350	543	401	6	D	18.8153	D6
481	252	489	218	116	481	311	584	395	5	D	19.0867	D5
392	249	403	206	132	400	235	539	337	4	D	19.3246	D4
405	263	394	188	114	422	251	450	322	3	D	19.6517	D3
337	237	364	160	100	409	243	421	288	2	D	19.9176	D2
479	278	441	254	145	448	267	247	266	1	D	20.2441	D1
380	256	379	167	97	443	259	288	331	1	E	20.5135	E1
319	228	358	168	109	394	242	369	281	2	E	20.8387	E2
383	249	394	171	110	398	251	413	309	3	E	21.105999999999998	E3
384	238	413	305	182	429	248	307	305	4	E	21.4343	E4
365	196	476	359	204	451	419	547	382	5	E	22.1033	E5
414	247	430	279	166	430	455	592	423	6	E	22.403000000000002	E6
400	241	424	180	107	429	331	625	451	7	E	22.699	E7
407	244	427	229	142	412	452	554	397	8	E	23.0368	E8
444	238	477	235	122	491	328	569	398	9	E	23.3139	E9
350	213	420	243	142	438	330	251	251	10	E	23.5803	E10
433	247	449	312	167	480	337	267	276	11	E	23.874000000000002	E11
480	273	451	329	169	497	414	263	337	12	E	24.1891	E12
430	242	455	324	182	455	330	254	271	13	E	24.469	E13
459	258	456	329	172	490	332	250	291	14	E	24.735	E14
379	235	413	358	213	430	320	257	268	14	F	25.0145	F14
489	263	477	341	174	501	324	267	425	13	F	25.2676	F13
454	256	455	276	143	495	311	256	311	12	F	25.5341	F12
341	206	425	322	181	456	311	256	283	11	F	25.8018	F11
434	243	457	356	208	439	378	248	314	10	F	26.1267	F10
375	234	410	196	126	398	385	557	389	9	F	26.3592	F9
348	234	381	216	134	412	544	628	450	8	F	26.8637	F8
370	231	411	203	108	481	476	558	384	7	F	27.2594	F7
460	271	435	215	117	471	316	600	413	6	F	27.5622	F6
421	251	430	213	114	479	330	545	395	5	F	27.8919	F5
430	249	441	348	179	498	249	466	316	4	F	28.1351	F4
385	247	399	245	138	453	260	273	255	3	F	28.3883	F3
384	236	416	325	184	453	240	518	362	2	F	28.6504	F2
369	250	379	228	150	390	256	381	279	1	F	28.9185	F1
374	247	388	174	112	398	237	559	381	1	G	29.2472	G1
397	247	413	232	148	400	239	325	270	2	G	29.5132	G2
358	249	368	179	123	373	258	400	325	3	G	29.8399	G3
407	257	406	211	127	425	242	503	314	4	G	30.1069	G4
317	205	394	194	116	426	514	645	461	5	G	30.4427	G5
409	238	440	254	146	445	317	635	460	6	G	30.7409	G6
472	266	455	241	134	460	394	620	421	7	G	31.0199	G7
514	266	494	361	196	470	358	596	400	8	G	31.3723	G8
464	265	448	282	153	472	487	619	429	9	G	31.7071	G9
353	232	389	253	150	434	303	258	257	10	G	32.0073	G10
344	219	403	317	177	459	306	253	289	11	G	32.3128	G11
448	257	447	346	194	458	300	267	265	12	G	32.6363	G12
384	233	421	250	146	438	313	245	343	13	G	32.9285	G13
399	237	431	379	205	473	309	295	286	14	G	33.2026	G14
446	249	458	344	161	548	295	252	227	14	H	33.4588	H14
335	203	424	299	161	475	305	281	333	13	H	33.7345	H13
416	255	418	263	153	439	611	247	279	12	H	34.082	H12
482	262	472	304	170	457	306	246	264	11	H	34.3552	H11
419	247	434	343	188	466	299	268	356	10	H	34.643	H10
390	231	433	188	119	404	315	570	377	9	H	34.8984	H9
404	241	428	239	143	427	482	545	376	8	H	35.2292	H8
347	197	451	228	125	468	311	568	383	7	H	35.6162	H7
424	243	446	234	132	454	416	634	452	6	H	35.9442	H6
401	248	414	182	107	437	376	662	471	5	H	36.224000000000004	H5
373	247	387	209	130	410	242	479	338	4	H	36.4685	H4
435	225	494	336	181	474	251	350	291	3	H	36.7392	H3
354	224	404	239	155	397	234	241	258	2	H	37.0652	H2
384	252	391	181	109	425	237	241	231	1	H	37.3327	H1
372	248	385	171	104	421	259	324	278	1	I	37.659	I1
377	256	377	157	103	390	242	415	337	2	I	37.9254	I2
432	243	455	372	203	470	265	564	396	3	I	38.2527	I3
379	242	402	208	116	458	266	253	237	4	I	38.5186	I4
455	237	493	296	137	552	484	612	425	5	I	38.8868	I5
419	236	454	259	142	465	490	631	451	6	I	39.1632	I6
455	263	443	171	97	450	380	561	383	7	I	39.4337	I7
419	249	431	245	138	455	321	625	442	8	I	39.8935	I8
445	230	495	355	197	461	479	570	428	9	I	40.1963	I9
434	259	429	330	185	458	329	276	290	10	I	40.4078	I10
356	215	425	302	171	453	303	264	248	11	I	40.6675	I11
409	241	435	268	151	455	337	251	317	12	I	40.9623	I12
439	268	419	239	141	435	300	245	215	13	I	41.2585	I13
381	252	387	220	137	412	295	279	290	14	I	41.5854	I14
435	248	450	345	200	442	432	269	328	14	J	41.8582	J14
427	245	446	343	178	494	300	256	270	13	J	42.1287	J13
440	259	435	297	181	420	296	240	266	12	J	42.4294	J12
385	232	425	275	170	414	309	259	217	11	J	42.7226	J11
477	256	477	292	156	479	709	267	383	10	J	43.0138	J10
499	273	468	287	165	444	355	601	378	9	J	43.2435	J9
347	227	391	156	101	396	354	630	403	8	J	43.5377	J8
351	226	398	286	168	437	546	556	397	7	J	43.81100000000001	J7
383	253	388	159	94	433	384	571	406	6	J	44.1868	J6
413	254	416	197	122	413	382	615	434	5	J	44.5236	J5
455	269	433	318	168	484	270	281	284	4	J	44.7448	J4
352	247	364	170	120	363	260	423	309	3	J	45.0114	J3
338	242	358	194	138	361	246	358	267	2	J	45.2799	J2
355	238	382	188	117	411	257	284	248	1	J	45.547	J1
314	226	356	160	98	417	241	253	236	1	K	45.8737	K1
373	248	386	211	124	436	248	287	274	2	K	46.1405	K2
368	234	402	248	150	424	257	306	286	3	K	46.4094	K3
400	243	423	224	129	443	248	243	251	4	K	46.677	K4
398	244	416	226	129	448	488	621	419	5	K	46.9944	K5
481	255	482	266	140	487	416	613	418	6	K	47.3626	K6
418	256	418	178	106	428	424	625	452	7	K	47.6492	K7
435	254	439	282	164	440	314	541	332	8	K	48.036	K8
458	246	477	174	80	557	308	606	419	9	K	48.4881	K9
415	246	432	367	211	446	301	274	335	10	K	48.8003	K10
434	241	461	343	178	494	384	296	284	11	K	49.1446	K11
425	263	413	305	173	450	311	255	349	12	K	49.4084	K12
472	258	468	317	165	493	578	241	363	13	K	49.6797	K13
443	234	483	337	164	525	300	258	234	14	K	49.9398	K14
380	241	404	315	186	433	295	251	292	14	L	50.2431	L14
316	206	393	305	186	420	309	283	235	13	L	50.5525	L13
421	263	410	249	138	461	337	242	254	12	L	50.8275	L12
378	240	404	251	159	403	384	293	273	11	L	51.1685	L11
364	239	390	217	142	390	395	247	256	10	L	51.453	L10
402	230	447	273	148	473	464	623	451	9	L	51.7821	L9
488	260	481	302	159	487	333	664	469	8	L	52.2961	L8
442	251	451	252	136	475	421	578	437	7	L	52.6037	L7
391	256	391	148	89	426	312	581	396	6	L	52.8832	L6
427	262	417	228	135	434	319	635	452	5	L	53.208	L5
356	230	396	164	96	439	245	296	279	4	L	53.4219	L4
423	244	443	360	207	445	259	447	323	3	L	53.6783	L3
332	230	369	252	164	394	252	404	362	2	L	53.9455	L2
330	222	379	209	142	376	241	356	299	1	L	54.2132	L1
426	243	449	335	200	429	247	534	345	1	M	54.4806	M1
351	232	387	192	126	390	243	294	297	2	M	54.8077	M2
432	233	473	297	174	437	264	586	380	3	M	55.0741	M3
341	237	369	236	146	414	267	255	255	4	M	55.3476	M4
361	234	395	155	102	391	346	603	422	5	M	55.6684	M5
432	257	430	221	120	470	463	650	469	6	M	55.9657	M6
373	235	407	158	97	419	357	568	370	7	M	56.281000000000006	M7
455	270	431	224	137	419	321	557	388	8	M	56.6155	M8
442	241	469	308	152	518	363	646	465	9	M	56.9357	M9
436	253	441	330	173	487	301	268	337	10	M	57.1955	M10
500	275	465	293	164	458	337	259	254	11	M	57.4916	M11
469	274	438	281	155	465	354	257	303	12	M	57.7644	M12
427	256	428	319	184	443	337	246	328	13	M	58.036	M13
378	253	383	276	157	450	314	250	281	14	M	58.3048	M14
437	259	432	287	158	463	312	252	230	14	N	58.5806	N14
382	209	469	377	222	435	337	282	302	13	N	58.8319	N13
467	277	432	310	176	452	325	242	314	12	N	59.1394	N12
372	229	415	347	196	453	313	265	284	11	N	59.4277	N11
391	255	393	216	136	408	358	244	286	10	N	59.7012	N10
503	278	464	279	162	440	427	659	452	9	N	59.927	N9
380	252	386	208	132	405	475	589	448	8	N	60.4145	N8
511	267	490	322	168	490	315	598	394	7	N	60.7306	N7
387	243	407	177	108	418	383	578	403	6	N	61.0417	N6
458	258	455	249	142	448	434	562	417	5	N	61.3676	N5
327	232	362	165	112	378	241	415	319	4	N	61.5982	N4
343	234	375	219	144	389	250	253	297	3	N	61.8659	N3
376	224	431	274	150	468	239	498	346	2	N	62.1956	N2
460	278	423	200	124	412	264	480	317	1	N	62.46	N1
407	253	412	244	141	443	238	427	329	1	O	62.7284	O1
464	246	483	335	168	512	235	239	277	2	O	62.9962	O2
364	212	441	372	219	435	260	305	258	3	O	63.3223	O3
361	242	382	150	91	423	269	534	396	4	O	63.5886	O4
401	219	468	241	134	462	438	596	404	5	O	63.8376	O5
377	222	435	265	158	430	418	620	453	6	O	64.2747	O6
442	239	473	226	133	436	380	635	436	7	O	64.6071	O7
364	225	416	190	130	374	319	587	417	8	O	65.1377	O8
454	270	431	201	113	456	348	623	448	9	O	65.4712	O9
395	233	433	260	146	456	297	258	267	10	O	65.7279	O10
389	241	414	298	175	436	318	246	301	11	O	66.0576	O11
418	263	408	277	165	429	325	248	267	12	O	66.3691	O12
389	252	395	262	150	448	420	260	334	13	O	66.7022	O13
408	255	410	340	188	464	295	255	327	14	O	67.0023	O14
501	279	459	329	176	480	320	276	335	14	P	67.2796	P14
357	208	439	372	208	457	423	268	264	13	P	67.5884	P13
465	275	432	293	175	429	664	238	355	12	P	67.8599	P12
428	247	444	306	169	462	461	267	322	11	P	68.1494	P11
347	234	380	269	160	432	304	257	281	10	P	68.4214	P10
422	227	477	270	159	436	504	592	440	9	P	68.6586	P9
475	266	458	200	104	491	383	576	366	8	P	68.9271	P8
418	245	437	197	114	443	316	562	405	7	P	69.2859	P7
418	249	430	197	134	376	344	654	464	6	P	69.6833	P6
450	261	442	257	141	466	581	558	409	5	P	70.1358	P5
370	254	373	188	126	383	247	462	346	4	P	70.4105	P4
367	250	376	215	153	360	270	304	243	3	P	70.6622	P3
436	265	422	270	152	456	252	594	420	2	P	70.9176	P2
346	228	389	258	167	396	248	490	359	1	P	71.1828	P1
401	245	419	221	125	453	529	581	404	17	P	71.771	P17
303	222	349	151	108	359	247	375	310	17	O	71.99	O17
475	260	469	274	153	458	447	650	437	17	N	72.262	N17
328	233	360	156	102	391	239	501	267	17	M	72.5127	M17
367	239	393	170	103	424	309	580	377	17	L	72.8457	L17
319	215	381	234	145	413	232	372	292	17	K	73.0923	K17
417	256	417	243	146	426	538	556	397	17	J	73.3259	J17
362	227	408	270	176	393	242	453	336	17	I	73.5567	I17
437	257	435	192	119	413	401	584	372	17	H	73.8228	H17
347	225	394	239	154	397	259	287	231	17	G	74.1087	G17
320	195	420	245	145	432	435	554	376	17	F	74.3793	F17
354	241	376	202	125	415	243	285	233	17	E	74.6314	E17
396	234	433	293	157	478	333	637	431	17	D	74.9551	D17
392	255	394	218	138	405	268	372	276	17	C	75.2144	C17
400	236	434	249	152	420	310	639	449	17	B	75.4734	B17
436	244	457	321	171	481	265	437	347	17	A	75.7248	A17
344	228	387	193	118	419	249	373	258	18	A	75.9774	A18
362	207	447	276	164	431	241	255	268	19	A	76.2414	A19
397	255	398	172	103	424	241	568	400	20	A	76.5128	A20
412	253	416	226	133	437	593	606	441	21	A	76.8853	A21
505	262	494	323	170	486	326	581	394	22	A	77.2288	A22
499	263	485	307	157	499	664	571	448	23	A	77.648	A23
397	240	423	202	124	416	325	550	369	24	A	77.9472	A24
473	263	460	217	129	428	403	578	421	24	C	78.2551	C24
418	234	457	264	132	510	468	585	397	23	C	78.5409	C23
457	253	462	260	148	449	315	621	421	22	C	78.8164	C22
454	252	461	241	133	463	374	292	304	22	B	79.1065	B22
383	233	421	282	168	430	318	255	259	21	B	79.4249	B21
464	271	438	318	192	423	356	256	251	20	B	79.7453	B20
437	258	433	302	163	476	306	251	358	19	B	80.0158	B19
412	255	414	223	116	491	623	269	340	18	B	80.2994	B18
403	252	409	270	170	406	242	370	270	18	C	80.5415	C18
389	249	400	339	199	436	241	411	344	19	C	80.8096	C19
437	267	418	210	123	438	255	337	276	20	C	81.1367	C20
399	254	403	187	105	454	310	613	413	21	C	81.3592	C21
419	250	429	301	187	412	308	265	239	21	D	81.6067	D21
460	259	455	348	189	472	333	264	273	20	D	81.8709	D20
417	260	410	272	151	461	367	246	250	19	D	82.2093	D19
443	264	430	309	175	453	333	282	351	18	D	82.4996	D18
447	249	460	364	182	512	261	599	420	18	E	82.7832	E18
397	259	393	179	109	421	248	357	266	19	E	83.0524	E19
345	231	382	237	140	434	269	264	254	20	E	83.3174	E20
449	237	485	352	169	532	317	587	435	21	E	83.6071	E21
475	269	453	250	140	459	327	559	364	22	E	83.955	E22
382	243	403	334	175	489	318	282	291	22	D	84.2287	D22
379	229	423	207	129	411	313	661	465	23	E	84.5442	E23
388	247	402	169	96	451	315	548	379	24	E	85.0638	E24
412	249	423	232	127	469	523	633	453	24	G	85.3863	G24
387	240	413	293	169	444	492	568	403	23	G	85.8244	G23
445	246	464	331	175	486	310	586	424	22	G	86.34700000000001	G22
404	246	421	252	158	408	326	254	256	22	F	86.663	F22
439	266	422	317	186	437	322	257	266	21	F	86.9476	F21
426	257	424	267	158	432	328	249	266	20	F	87.2085	F20
429	247	444	342	195	450	319	257	305	19	F	87.4805	F19
486	277	449	342	192	457	318	264	270	18	F	87.7861	F18
350	234	382	174	107	415	240	588	376	18	G	88.00299999999999	G18
342	230	380	248	159	399	249	281	269	19	G	88.26799999999999	G19
482	271	455	257	144	456	244	467	303	20	G	88.5361	G20
423	263	412	181	110	419	359	589	410	21	G	88.9624	G21
366	243	386	186	119	401	316	244	235	21	H	89.2609	H21
368	214	439	363	213	435	303	257	327	20	H	89.5363	H20
403	257	402	224	125	458	352	249	252	19	H	89.7943	H19
392	252	398	272	166	420	309	284	273	18	H	90.0784	H18
341	206	424	247	128	491	241	438	319	18	I	90.2907	I18
360	245	376	207	137	388	237	410	336	19	I	90.595	I19
323	221	374	284	181	403	260	407	323	20	I	90.9191	I20
448	268	429	222	133	428	498	650	463	21	I	91.2252	I21
439	259	433	208	124	429	450	598	414	22	I	91.6906	I22
387	220	451	285	174	419	309	248	260	22	H	91.96700000000001	H22
414	256	413	200	114	450	370	637	453	23	I	92.2228	I23
410	242	433	225	124	464	340	548	352	24	I	92.4716	I24
448	245	468	302	169	457	343	622	430	24	K	92.7577	K24
445	260	439	243	133	467	358	654	464	23	K	93.0902	K23
384	228	432	170	100	436	373	585	424	22	K	93.3995	K22
469	268	448	352	178	506	350	260	350	22	J	93.62700000000001	J22
347	217	409	184	107	440	299	246	207	21	J	93.8966	J21
475	258	471	341	182	480	324	292	313	20	J	94.1654	J20
428	262	418	229	130	449	335	252	306	19	J	94.4666	J19
318	200	407	322	209	395	383	264	261	18	J	94.7667	J18
389	249	400	261	169	395	243	504	378	18	K	95.0102	K18
353	234	386	201	127	405	261	305	241	19	K	95.3366	K19
399	249	410	202	117	441	237	579	416	20	K	95.6031	K20
407	255	409	171	102	430	393	605	411	21	K	95.8425	K21
396	226	448	237	146	416	324	244	293	21	L	96.1116	L21
410	252	417	323	169	489	318	255	312	20	L	96.3622	L20
431	249	443	339	185	468	313	268	293	19	L	96.6268	L19
404	246	422	291	177	421	295	260	311	18	L	96.9097	L18
405	251	414	248	162	391	255	375	335	18	M	97.1986	M18
395	264	383	142	84	431	270	400	255	19	M	97.4537	M19
398	259	394	156	87	457	248	277	240	20	M	97.7363	M20
406	244	425	230	128	460	341	577	381	21	M	98.156	M21
411	241	437	168	105	409	346	596	395	22	M	98.4543	M22
395	248	409	316	181	447	304	254	305	22	L	98.7142	L22
417	251	426	217	137	404	422	588	429	23	M	99.0363	M23
409	231	452	264	168	401	628	573	412	24	M	99.3273	M24
453	243	477	255	127	514	315	611	423	24	O	99.6128	O24
404	238	433	229	141	415	407	631	456	23	O	99.9607	O23
436	235	476	303	168	460	358	621	417	22	O	100.21	O22
392	257	390	227	145	401	395	273	330	22	N	100.435	N22
368	222	424	214	134	408	435	248	305	21	N	100.71799999999999	N21
392	222	451	285	133	548	323	243	309	20	N	101.037	N20
486	276	450	294	172	438	309	244	252	19	N	101.305	N19
396	238	426	368	235	401	292	242	284	18	N	101.63	N18
352	246	367	184	114	413	256	401	302	18	O	101.84299999999999	O18
413	224	472	326	180	462	235	244	247	19	O	102.12799999999999	O19
523	272	493	285	124	590	233	297	262	20	O	102.39200000000001	O20
420	238	451	232	137	433	458	633	451	21	O	102.728	O21
401	258	397	225	134	431	314	284	320	21	P	102.98	P21
337	207	417	260	169	394	312	260	279	20	P	103.23200000000001	P20
384	243	405	276	160	443	328	240	229	19	P	103.529	P19
343	226	389	262	163	413	334	269	335	18	P	103.838	P18
419	251	427	329	189	445	370	260	275	22	P	104.20700000000001	P22
